70.50 71.40
70.61 71.47
70.72 71.47
70.61 71.47
70.61 71.51
70.57 71.44
70.61 71.51
70.57 71.47
70.68 71.51
70.61 71.55
70.72 71.51
70.72 71.47
70.50 71.51
70.50 71.51
70.57 71.51
70.61 71.55
70.57 71.55
70.68 71.62
70.57 71.55
70.61 71.58
70.68 71.62
70.68 71.58
70.61 71.58
70.72 71.62
70.61 71.62
70.79 71.62
70.72 71.65
70.57 71.62
70.57 71.69
70.29 71.65
69.89 71.69
69.71 71.80
69.28 71.62
69.21 71.58
69.39 71.51
69.60 71.62
69.89 71.58
70.21 71.58
70.18 71.51
70.39 71.58
70.47 71.55
70.57 71.51
70.39 71.58
70.61 71.62
70.61 71.62
70.61 71.62
70.68 71.58
70.68 71.62
70.61 71.62
70.61 71.65
70.68 71.62
70.61 71.65
70.57 71.69
70.61 71.65
70.57 71.69
70.72 71.69
70.72 71.73
70.72 71.73
70.79 71.73
70.79 71.69
70.79 71.80
70.90 71.80
70.79 71.73
70.83 71.80
70.79 71.83
70.79 71.83
70.79 71.83
70.90 71.83
70.83 71.80
70.90 71.87
70.93 71.94
70.90 71.87
70.83 71.91
70.90 71.91
70.83 71.87
70.90 71.94
70.90 71.94
70.72 71.94
71.01 71.91
71.01 71.98
70.90 71.91
71.01 71.91
70.93 71.98
71.01 71.98
70.83 72.01
70.93 71.98
71.01 72.01
70.83 72.05
70.79 72.01
70.83 72.05
70.90 72.01
70.68 72.05
70.61 72.05
70.68 72.05
70.61 72.09
70.68 72.01
70.72 72.01
70.68 72.01
70.90 72.09
70.79 72.09
70.93 72.09
70.83 72.09
70.72 72.09
70.90 72.09
70.68 72.12
70.72 72.23
70.83 72.12
70.72 72.19
70.90 72.23
70.72 72.12
70.72 72.19
70.90 72.27
70.79 72.19
70.79 72.19
70.83 72.27
70.61 72.30
70.72 72.27
70.83 72.27
70.72 72.27
70.72 72.30
70.83 72.27
70.72 72.27
70.79 72.27
70.79 72.27
70.72 72.30
70.90 72.34
70.72 72.30
70.79 72.34
70.93 72.34
70.83 72.37
70.79 72.34
70.90 72.34
70.68 72.37
70.93 72.41
70.83 72.34
70.83 72.37
70.68 72.34
70.90 72.37
70.83 72.30
70.93 72.37
70.83 72.45
70.79 72.45
70.83 72.34
70.90 72.37
70.79 72.41
70.90 72.48
70.79 72.45
70.79 72.41
70.83 72.48
70.79 72.45
70.93 72.52
70.72 72.48
70.90 72.45
70.72 72.45
70.61 72.52
70.79 72.48
70.79 72.45
70.83 72.48
70.83 72.52
70.61 72.45
70.72 72.52
70.68 72.52
70.79 72.59
70.72 72.52
70.90 72.45
70.90 72.59
70.90 72.59
70.72 72.52
70.72 72.52
70.79 72.59
70.79 72.59
70.79 72.59
70.79 72.63
70.93 72.63
70.79 72.63
70.68 72.63
70.79 72.48
70.72 72.63
70.61 72.63
70.72 72.63
70.72 72.59
70.72 72.63
70.72 72.66
70.83 72.63
70.61 72.66
70.61 72.63
70.61 72.63
70.61 72.63
70.68 72.66
70.68 72.66
70.72 72.66
70.72 72.66
70.72 72.70
70.72 72.66
70.72 72.66
70.72 72.73
70.79 72.66
70.72 72.73
70.79 72.70
70.79 72.70
70.72 72.70
70.90 72.77
70.72 72.77
70.72 72.73
70.72 72.77
70.79 72.70
70.72 72.77
70.72 72.73
70.72 72.73
70.68 72.77
70.72 72.73
70.79 72.77
70.79 72.81
70.83 72.77
70.68 72.73
70.83 72.81
70.79 72.77
70.68 72.81
70.83 72.81
70.83 72.77
70.68 72.84
70.79 72.77
70.79 72.84
70.79 72.77
70.72 72.77
70.83 72.81
70.79 72.84
70.79 72.84
70.79 72.81
70.72 72.81
70.83 72.84
70.83 72.81
70.83 72.84
70.93 72.84
70.83 72.88
70.83 72.88
70.90 72.91
70.72 72.81
70.83 72.88
70.72 72.88
70.79 72.88
70.90 72.88
70.68 72.91
70.72 72.88
70.72 72.88
70.79 72.84
70.68 72.84
70.72 72.88
70.68 72.84
70.83 72.91
70.72 72.88
70.72 72.84
70.72 72.91
70.72 72.91
70.61 72.99
70.57 72.99
70.57 72.88
70.57 72.91
70.72 72.99
70.47 72.91
70.47 72.91
70.32 72.88
70.07 72.88
69.82 72.88
69.67 73.02
69.67 72.88
69.31 72.81
69.28 72.81
68.99 72.77
69.17 72.77
68.88 72.73
69.06 72.70
68.88 72.70
68.77 72.59
68.67 72.52
68.88 72.52
69.10 72.45
69.39 72.48
69.46 72.48
69.71 72.45
69.89 72.48
69.82 72.45
70.07 72.41
70.00 72.45
70.07 72.41
70.00 72.41
70.21 72.45
70.07 72.37
70.32 72.45
70.32 72.45
70.32 72.48
70.47 72.48
70.47 72.48
70.39 72.45
70.39 72.52
70.39 72.45
70.57 72.52
70.50 72.48
70.57 72.48
70.57 72.48
70.61 72.59
70.61 72.52
70.68 72.48
70.57 72.48
70.57 72.52
70.50 72.52
70.57 72.52
70.57 72.59
70.47 72.52
70.50 72.52
70.57 72.52
70.61 72.59
70.57 72.63
70.57 72.52
70.61 72.52
70.61 72.48
70.57 72.63
70.57 72.59
70.61 72.52
70.61 72.66
70.61 72.63
70.61 72.63
70.61 72.63
70.68 72.66
70.72 72.59
70.61 72.63
70.68 72.66
70.68 72.59
70.68 72.66
70.61 72.66
70.61 72.66
70.61 72.66
70.61 72.66
70.79 72.66
70.72 72.70
70.68 72.66
70.72 72.70
70.72 72.70
70.68 72.73
70.72 72.73
70.68 72.70
70.68 72.66
70.68 72.66
70.61 72.70
70.72 72.66
70.68 72.66
70.61 72.73
70.68 72.70
70.79 72.73
70.72 72.73
70.72 72.70
70.72 72.73
70.72 72.73
70.72 72.70
70.72 72.77
70.68 72.70
70.68 72.73
70.72 72.73
70.68 72.73
70.57 72.73
70.72 72.73
70.68 72.73
70.68 72.73
70.72 72.77
70.79 72.84
70.72 72.77
70.68 72.73
70.72 72.81
70.79 72.73
70.83 72.81
70.79 72.77
70.72 72.77
70.90 72.84
70.79 72.77
70.79 72.81
70.72 72.81
70.68 72.81
70.83 72.73
70.83 72.81
70.83 72.77
70.79 72.84
70.83 72.81
70.79 72.84
70.83 72.81
70.72 72.81
70.90 72.88
70.72 72.84
70.72 72.84
70.79 72.84
70.79 72.88
70.79 72.88
70.72 72.81
70.83 72.91
70.68 72.88
70.68 72.81
70.83 72.84
70.61 72.84
70.61 72.84
70.57 72.99
70.57 72.84
70.79 72.84
70.72 72.91
70.72 72.88
70.79 72.84
70.61 72.88
70.72 72.88
70.72 72.84
70.57 72.88
70.47 72.84
70.57 72.88
70.57 72.88
70.57 72.88
70.39 72.91
70.50 72.99
70.32 72.84
70.61 72.99
70.61 72.91
70.32 72.91
70.47 72.99
70.18 72.99
70.07 72.88
70.21 72.91
70.07 72.91
69.89 72.99
69.93 72.88
70.11 72.81
70.21 72.91
70.21 72.91
70.39 72.91
70.39 72.88
70.47 72.91
70.47 72.84
70.57 72.91
70.47 72.88
70.47 72.88
70.79 72.91
70.50 72.88
70.57 72.91
70.57 72.91
70.47 72.84
70.68 72.88
70.68 72.91
70.72 72.88
70.61 72.91
70.50 72.88
70.61 72.99
70.61 72.91
70.72 72.91
70.79 72.88
70.61 72.99
70.68 72.99
70.57 72.91
70.57 72.91
70.68 73.02
70.79 73.06
70.61 72.99
70.72 72.91
70.68 73.02
70.50 72.99
70.68 72.99
70.79 73.02
70.57 73.02
70.57 73.02
70.61 72.99
70.61 73.02
70.57 72.99
70.68 73.02
70.57 72.99
70.68 73.06
70.57 73.02
70.57 73.02
70.61 73.02
70.57 72.99
70.61 73.02
70.61 73.09
70.72 73.02
70.61 72.99
70.57 73.02
70.72 73.09
70.57 73.06
